Run semi-empirical minimization
 &qmmm
    qm_theory='AM1', grms_tol=0.0005,
 scfconv=1.d-10, ndiis_attempts=700,   qmcharge=0,
 /
   6    C1       -8.4210       -6.0100       -9.3330 
   6    C2       -7.2010       -6.2480      -10.2370 
   6    C3       -6.8900       -5.0160      -11.0860 
   7    N1       -6.4540       -3.8900      -10.2290 
   6    C4       -6.7410       -2.6330      -10.5490 
   8    O1       -6.3750       -1.7080       -9.8230 
   6    C5       -7.5240       -2.3180      -11.8220 
   6    C6       -8.3010       -1.0050      -11.8960 
   6    C7       -5.7010       -4.1700       -8.9900 
   6    C8       -5.0470       -5.5400       -9.0430 
   7    N2       -6.0290       -6.6020       -9.4100 
   6    C9       -5.9510       -7.9010       -8.8580 
   7    N3       -7.0750       -8.6380       -8.9400 
   6   C10       -7.1590       -9.8750       -8.4360 
   8    O2       -8.2040      -10.5140       -8.5380 
   7    N4       -6.0630      -10.4380       -7.8010 
   6   C11       -6.1720      -11.7220       -7.2740 
   6   C12       -5.7710      -12.8060       -8.0360 
   6   C13       -5.2200      -12.5850       -9.4420 
   6   C14       -5.8870      -14.0810       -7.4970 
   6   C15       -6.4020      -14.2230       -6.2130 
   7    N5       -6.7790      -13.1720       -5.5040 
   6   C16       -6.6860      -11.9230       -5.9920 
   6   C17       -7.1410      -10.7490       -5.1110 
   6   C18       -8.6370      -10.8580       -4.7840 
   6   C19       -6.3120      -10.7390       -3.8270 
   6   C20       -4.8770       -9.7180       -7.6840 
   7    N6       -3.8240      -10.2740       -7.0610 
   6   C21       -4.8100       -8.4320       -8.2160 
   6   C22       -3.6020       -7.7430       -8.0840 
   6   C23       -2.5190       -8.3460       -7.4390 
   9    F1       -1.3490       -7.6910       -7.3090 
   6   C24       -2.6560       -9.6360       -6.9210 
   6   C25       -1.5980      -10.2710       -6.2670 
   6   C26       -1.0020       -9.6830       -5.1420 
   9    F2       -1.4300       -8.4980       -4.6600 
   6   C27        0.0540      -10.3150       -4.4940 
   6   C28        0.5160      -11.5400       -4.9600 
   6   C29       -0.0730      -12.1320       -6.0690 
   6   C30       -1.1280      -11.5060       -6.7230 
   8    O3       -1.6840      -12.1100       -7.8050 
   1    H1       -9.2580       -5.6130       -9.9480 
   1    H2       -8.2000       -5.2810       -8.5310 
   1    H3       -8.8010       -6.9400       -8.8670 
   1    H4       -7.4470       -7.0780      -10.9410 
   1    H5       -7.7970       -4.8660      -11.7020 
   1    H6       -6.0700       -5.2990      -11.7800 
   1    H7       -8.2710       -3.0930      -12.0440 
   1    H8       -6.7790       -2.3670      -12.6530 
   1    H9       -7.3980       -0.4700      -12.3210 
   1   H10       -7.9240       -0.2100      -11.1530 
   1   H11       -8.5520       -0.7660      -12.9960 
   1   H12       -6.3920       -4.1320       -8.1180 
   1   H13       -4.8940       -3.4170       -8.8350 
   1   H14       -4.6610       -5.6190       -8.0000 
   1   H15       -4.2210       -5.4890       -9.7870 
   1   H16       -4.1910      -12.1740       -9.3770 
   1   H17       -5.8780      -11.8820      -10.0000 
   1   H18       -5.2340      -13.5510       -9.9900 
   1   H19       -5.5910      -14.9530       -8.0620 
   1   H20       -6.4930      -15.2060       -5.7650 
   1   H21       -7.0010       -9.7600       -5.6000 
   1   H22       -8.8590      -11.8170       -4.2660 
   1   H23       -9.2360      -10.8330       -5.7230 
   1   H24       -8.9620      -10.0190       -4.1360 
   1   H25       -5.2460      -10.5110       -4.0430 
   1   H26       -6.3560      -11.7280       -3.3200 
   1   H27       -6.7030       -9.9770       -3.1240 
   1   H28       -3.3230       -6.8930       -8.6780 
   1   H29        0.5050       -9.8660       -3.6200 
   1   H30        1.2580      -12.0190       -4.3730 
   1   H31        0.2730      -13.1090       -6.3920 
   1   H32       -1.4760      -13.0560       -7.7470 

