Run semi-empirical minimization
 &qmmm
    qm_theory='AM1', grms_tol=0.0005,
 scfconv=1.d-10, ndiis_attempts=700,   qmcharge=0,
 /
   6    C1       -8.3240       -6.2540       -9.3460 
   6    C2       -7.1040       -6.4430      -10.2590 
   6    C3       -6.8420       -5.1940      -11.1000 
   7    N1       -6.4390       -4.0600      -10.2360 
   6    C4       -6.7720       -2.8120      -10.5430 
   8    O1       -6.4330       -1.8810       -9.8120 
   6    C5       -7.5740       -2.5130      -11.8080 
   6    C6       -8.3970       -1.2270      -11.8650 
   6    C7       -5.6680       -4.3240       -9.0050 
   6    C8       -4.9670       -5.6700       -9.0750 
   7    N2       -5.9140       -6.7620       -9.4440 
   6    C9       -5.7870       -8.0630       -8.9030 
   7    N3       -6.8850       -8.8380       -8.9850 
   6   C10       -6.9230      -10.0810       -8.4910 
   8    O2       -7.9460      -10.7560       -8.5910 
   7    N4       -5.8040      -10.6110       -7.8680 
   6   C11       -5.8640      -11.9030       -7.3510 
   6   C12       -5.4310      -12.9650       -8.1250 
   6   C13       -4.8980      -12.7140       -9.5330 
   6   C14       -5.4980      -14.2490       -7.5970 
   6   C15       -5.9990      -14.4190       -6.3110 
   7    N5       -6.4080      -13.3870       -5.5900 
   6   C16       -6.3620      -12.1320       -6.0680 
   6   C17       -6.8510      -10.9820       -5.1740 
   6   C18       -8.3400      -11.1460       -4.8380 
   6   C19       -6.0140      -10.9540       -3.8950 
   6   C20       -4.6420       -9.8510       -7.7520 
   7    N6       -3.5660      -10.3750       -7.1420 
   6   C21       -4.6230       -8.5590       -8.2740 
   6   C22       -3.4390       -7.8300       -8.1440 
   6   C23       -2.3320       -8.4000       -7.5110 
   9    F1       -1.1840       -7.7060       -7.3840 
   6   C24       -2.4200       -9.6980       -7.0040 
   6   C25       -1.3370      -10.3020       -6.3630 
   6   C26       -0.7530       -9.7030       -5.2370 
   9    F2       -1.2190       -8.5370       -4.7410 
   6   C27        0.3290      -10.3030       -4.6010 
   6   C28        0.8300      -11.5080       -5.0810 
   6   C29        0.2540      -12.1100       -6.1910 
   6   C30       -0.8260      -11.5150       -6.8330 
   8    O3       -1.3690      -12.1300       -7.9170 
   1    H1       -9.1860       -5.9050       -9.9560 
   1    H2       -8.1340       -5.5060       -8.5540 
   1    H3       -8.6580       -7.1950       -8.8640 
   1    H4       -7.3250       -7.2740      -10.9690 
   1    H5       -7.7570       -5.0700      -11.7100 
   1    H6       -6.0170       -5.4400      -11.8030 
   1    H7       -8.2960       -3.3120      -12.0290 
   1    H8       -6.8340       -2.5310      -12.6450 
   1    H9       -7.5130       -0.6590      -12.2860 
   1   H10       -8.0450       -0.4270      -11.1140 
   1   H11       -8.6610       -0.9810      -12.9590 
   1   H12       -6.3540       -4.3120       -8.1290 
   1   H13       -4.8850       -3.5460       -8.8530 
   1   H14       -4.5600       -5.7410       -8.0390 
   1   H15       -4.1540       -5.5820       -9.8300 
   1   H16       -3.8870      -12.2600       -9.4730 
   1   H17       -5.5900      -12.0360      -10.0820 
   1   H18       -4.8760      -13.6760      -10.0860 
   1   H19       -5.1890      -15.1070       -8.1750 
   1   H20       -6.0770      -15.4140       -5.8980 
   1   H21       -6.7520       -9.9830       -5.6560 
   1   H22       -8.5250      -12.1170       -4.3270 
   1   H23       -8.9470      -11.1320       -5.7720 
   1   H24       -8.6910      -10.3250       -4.1790 
   1   H25       -4.9440      -10.7550       -4.1230 
   1   H26       -6.0760      -11.9300       -3.3650 
   1   H27       -6.3820      -10.1600       -3.2120 
   1   H28       -3.1940       -6.9700       -8.7400 
   1   H29        0.7680       -9.8450       -3.7250 
   1   H30        1.5940      -11.9620       -4.5020 
   1   H31        0.6400      -13.0660       -6.5260 
   1   H32       -1.1510      -13.0690       -7.8690 

